[app/ui]
version = 9.0.0
modtime = 1658549779.329660500

[app/launcher]
version = 9.0.0
modtime = 1658549779.352676100

[views/bigbasket_product_management]
owner = rahuman
version = 9.0.0
modtime = 1658550284.276657900
